1744977131976 0.6762955188751221 0
1744977303632 0.8214285969734192 1
1744977469959 0.8461134433746338 2
1744977630447 0.8700980544090271 3
1744977787335 0.881302535533905 4
1744977946101 0.893732488155365 5
1744978107448 0.9052870869636536 6
1744978269857 0.9082633256912231 7
1744978426502 0.9135153889656067 8
1744978583016 0.9126400351524353 9
1744978748421 0.9182422757148743 10
1744978915732 0.9205182194709778 11
1744979084342 0.9247198700904846 12
1744979244948 0.9308473467826843 13
1744979399806 0.9317227005958557 14
1744979563508 0.9315476417541504 15
1744979732288 0.9375 16
1744979894721 0.931197464466095 17
1744980054192 0.9457283020019531 18
1744980236713 0.9469537734985352 19
