1744977131976 0.8864256143569946 0
1744977303632 0.4979061782360077 1
1744977469959 0.41078680753707886 2
1744977630447 0.3544451594352722 3
1744977787335 0.319169282913208 4
1744977946101 0.2904844582080841 5
1744978107448 0.26188525557518005 6
1744978269857 0.2474651336669922 7
1744978426502 0.24355241656303406 8
1744978583016 0.2301483005285263 9
1744978748421 0.2194061279296875 10
1744978915732 0.21411994099617004 11
1744979084342 0.21120941638946533 12
1744979244948 0.18806423246860504 13
1744979399806 0.17968416213989258 14
1744979563508 0.186435267329216 15
1744979732288 0.17605052888393402 16
1744979894721 0.1790900081396103 17
1744980054192 0.15432991087436676 18
1744980236713 0.1476619690656662 19
